ground_truth_trees = [
    (0.014421354863763012, 0.21154744778013726),
    (3.0741847993157614, -0.021687597334732273),
    (5.576217381205451, -0.14078215264294874),
    (8.734042053211573, -0.09730231246930317),
    (12.048010137112426, -0.030715946992925125),
    (15.232656003114306, -0.09924206921335231),
    (17.748504589185814, 0.3676085289985628),
    (21.283169289930235, 0.15753567675428998),
    (24.03234521153567, 0.09821779457792754),
    (26.891724537763572, 0.17583041591237392),
    (0.17846387888043935, 8.201359516254993),
    (3.1760884474340143, 7.7232581981291855),
    (5.748325325400836, 7.728195103285345),
    (9.118636988282718, 8.120436144904726),
    (11.895272994414956, 7.624144408563217),
    (14.844602257129694, 8.020931693717817),
    (18.00549880958844, 7.727515281884903),
    (20.990834518882142, 7.849055805300163),
    (23.910722671516584, 7.892107675187382),
    (27.166990889918182, 8.128680009177785),
    (0.31861120354601175, 15.731674187140408),
    (3.417746971710846, 15.917057366786219),
    (5.742353990250437, 16.004475235263914),
    (8.917790126627647, 16.275570842036295),
    (11.689063293772984, 15.980022074662465),
    (15.328309471888558, 15.989321878544914),
    (17.75024919065272, 15.979705986615988),
    (20.742784487298373, 16.300247174924994),
    (24.210879145677747, 15.960996533592452),
    (27.297806661895816, 16.134315691533175),
    (0.05030255067605297, 23.99161150473773),
    (2.843300345866609, 24.187847703030414),
    (5.837201387185281, 24.007042914630322),
    (8.805131207255092, 23.979906303856676),
    (11.813746786560278, 23.85233111611666),
    (15.152507496573628, 23.935976116422008),
    (17.93892899309443, 23.93475419409461),
    (20.97420946178162, 24.084857548134963),
    (24.158498684612812, 24.216907793473005),
    (26.845888776342875, 24.388908308640854),
    (-0.22413669553800936, 31.855867176820926),
    (2.9460441878581944, 32.1007702272476),
    (6.102060981705804, 32.40561057005954),
    (8.980260188510572, 32.065674306754815),
    (12.1319722926213, 31.835205219346204),
    (15.213485698064494, 32.195428360564954),
    (18.04870266016129, 32.44370167536219),
    (20.973819126074908, 31.752914204789462),
    (24.205386407369772, 32.05431571650544),
    (27.197099729569818, 32.1798851763571),
    (-0.4545163765846916, 39.65233331713025),
    (2.6776752163617785, 40.085437491621484),
    (6.041608238851408, 39.86262524884959),
    (9.038067276322112, 40.13601740680807),
    (11.843003188585342, 40.062060082705166),
    (14.954456057978057, 39.85942508723563),
    (17.518818125733198, 39.78664081483005),
    (21.078538042237245, 39.565454091338964),
    (23.90240307905817, 39.70987250939307),
    (26.79321824260345, 40.093788113752616),
    (0.002570257613722598, 47.86570017603378),
    (3.015293088918497, 47.93273832862709),
    (6.132554065487327, 48.068426177515754),
    (8.83060797445914, 48.06493168617683),
    (12.154371079182315, 47.80765270978497),
    (15.2224848244806, 47.88410178690675),
    (18.084613746982548, 47.95840802996755),
    (21.20707537152257, 47.895435040102186),
    (23.710329211135715, 48.12994510592445),
    (26.980921015717875, 48.0962371182453),
    (0.13921487107954494, 55.880220071910024),
    (3.0675190987058887, 56.17112787526484),
    (5.87230241569444, 55.86638762911267),
    (8.991469745954724, 56.063734100537644),
    (12.262674903789662, 55.994307123148076),
    (14.908334700704343, 56.01081966755644),
    (18.03982146325987, 55.89634435222406),
    (21.186139935353754, 56.06340879462118),
    (23.78475451595698, 56.07109585767878),
    (26.93015737467028, 55.90916137285997),
    (-0.057099715145062235, 64.08129929677006),
    (2.97630934856884, 64.3308725369367),
    (5.604607812516498, 63.703061386141954),
    (8.791353933908422, 63.77306075964716),
    (12.185054641092629, 63.813876120272326),
    (15.037816164538617, 63.68849955511513),
    (17.996527053420476, 64.04819691912881),
    (21.274349322900292, 63.989288948388094),
    (23.995791664187756, 64.0524650203552),
    (27.177137301614884, 64.02976229703305),
    (-0.1410886221111874, 71.93381502702351),
    (3.0906480107938963, 72.26027382683588),
    (6.027626235421809, 71.79512470494532),
    (9.020393641268392, 72.11783927626317),
    (12.015567654742611, 71.84501410960799),
    (14.895657944394058, 71.6501841048018),
    (17.9477740932696, 72.47223391209587),
    (20.76572336499019, 72.16936281452124),
    (24.365335258885185, 71.90674447333613),
    (27.14108005637431, 71.94587414494057)
]

